Device: CPU
Key directory: /root/heaan_setting/FGb/keys/
Key 로드 완료
Warm-up encrypt 시작 [CPU]
Warm-up encrypt 완료
Warm-up bootstrap 시작
Warm-up bootstrap 완료

HEAAN ENGINE LOAD SUCCESS [device=CPU]


Sorento cell-tower log: 32768 of 154272 rows used, 20462 rows with cell coordinates
Query center 37.18897 127.11443

  stat    radius     plain   cipher     agreement   outside worst   inside worst   inside best      TIME     PLAIN TIME
  OK       0.5 km     5784     5784   32768/32768     2.939e-09     0.9999999976   1.0000000027    15.34s      0.225ms
  first 20 slots : [-6.330708735013957e-10, -7.252183853445615e-10, -4.491595984035257e-11, -6.876421654311571e-11, -5.858038498729456e-10, 2.479828564716513e-10, -6.072481406604879e-11, -1.6870460584073044e-10, 4.668456177192581e-10, 9.507407638942311e-10, 1.0016053603239192e-13, 2.34662023123483e-10, 2.8125515187850403e-11, 1.000000000243702, 0.9999999997188553, 3.644278311112147e-10, 7.541184706534713e-11, 1.0000000000592526, 0.9999999999337148, 1.000000000541101]
  plain            : [0, 0, 0, 0, 0, 0, 0, 0, 0, 0, 0, 0, 0, 1, 1, 0, 0, 1, 1, 1]
  OK       1.0 km     5784     5784   32768/32768     3.298e-09     0.9999999970   1.0000000028    13.04s      0.179ms
  first 20 slots : [-9.146007284854818e-10, 7.915867961116874e-11, 4.847439671884501e-10, 1.1320283044291557e-09, 1.38686284678613e-10, 9.200680217702484e-10, 1.6556955806379392e-10, 3.390523417579061e-10, 4.5467724030245904e-10, 1.4544182525000338e-09, 3.4310706186098045e-10, 4.027932671743872e-10, 3.665471336043734e-10, 0.9999999995983528, 1.0000000001840577, 2.3552470828877944e-10, 4.4952011093000075e-10, 0.9999999998933109, 0.9999999999933529, 0.9999999998931719]
  plain            : [0, 0, 0, 0, 0, 0, 0, 0, 0, 0, 0, 0, 0, 1, 1, 0, 0, 1, 1, 1]
  OK       2.0 km     5784     5784   32768/32768     3.580e-09     0.9999999977   1.0000000026    12.87s      0.118ms
  first 20 slots : [1.446002040328409e-09, 2.1003743189140778e-10, -3.2244601433362163e-10, 1.579950614782888e-10, -4.560970490175009e-10, 3.368739731612891e-10, 2.918920660732738e-11, -4.366660366628139e-10, 4.458401980933502e-10, 8.01031574404476e-10, 3.81321914358958e-10, -1.426403336378769e-10, 5.096635271047478e-10, 0.9999999996867619, 1.000000000116322, 1.547549747387252e-10, 4.940524300634617e-10, 0.9999999996613949, 0.9999999995867377, 0.9999999993284753]
  plain            : [0, 0, 0, 0, 0, 0, 0, 0, 0, 0, 0, 0, 0, 1, 1, 0, 0, 1, 1, 1]
  OK       3.0 km    12380    12380   32768/32768     3.351e-09     0.9999999978   1.0000000029    13.17s      0.186ms
  first 20 slots : [6.842720279287562e-10, -1.841382601952546e-11, 3.8063469043336795e-10, 7.249855160651464e-10, 6.38883279613367e-10, 0.9999999994377489, 0.9999999995439456, 1.0000000006198737, 0.9999999996391727, 0.9999999987804928, 0.999999999018481, 0.9999999997613606, 0.9999999996668826, 0.9999999999549897, 1.0000000003111484, 0.9999999997767425, 0.999999999586151, 1.0000000003303575, 1.000000000419464, 1.0000000001864273]
  plain            : [0, 0, 0, 0, 0, 1, 1, 1, 1, 1, 1, 1, 1, 1, 1, 1, 1, 1, 1, 1]
  OK       5.0 km    17370    17370   32768/32768     2.580e-09     0.9999999973   1.0000000023    13.10s      0.124ms
  first 20 slots : [7.796785994607092e-10, 3.282201177512434e-10, 1.8234286303098202e-10, 6.226309468004843e-10, 4.484973503693368e-10, 1.0000000001317453, 0.9999999996876039, 1.0000000003010436, 0.9999999996211393, 0.9999999991865924, 0.999999999633947, 0.9999999998713187, 0.9999999995356134, 0.9999999999167984, 0.9999999992890628, 0.9999999999173992, 0.9999999995457668, 0.9999999998882666, 0.9999999997522637, 1.0000000000172011]
  plain            : [0, 0, 0, 0, 0, 1, 1, 1, 1, 1, 1, 1, 1, 1, 1, 1, 1, 1, 1, 1]
  OK      10.0 km    19410    19410   32768/32768     2.884e-09     0.9999999971   1.0000000026    13.19s      0.118ms
  first 20 slots : [-2.4349111615862284e-10, -2.1804708039141474e-10, -5.107607115029111e-10, 1.394975246427066e-10, 3.441846807561433e-11, 1.0000000005621994, 1.0000000002386182, 0.9999999998557234, 0.9999999998805015, 1.0000000002196086, 1.0000000000903668, 0.9999999999048087, 0.9999999998247765, 1.0000000007204908, 0.9999999997157216, 1.0000000004995167, 1.000000000169361, 1.0000000002709246, 1.0000000000643359, 1.0000000004671032]
  plain            : [0, 0, 0, 0, 0, 1, 1, 1, 1, 1, 1, 1, 1, 1, 1, 1, 1, 1, 1, 1]

 6 queries in total, 0 mismatched
Saved: results/result2.txt, results/exp1_sorento_summary.csv, results/exp1_sorento_slots.csv
